1	4
1	98
1	237
1	247
1	258
1	264
1	267
1	273
1	302
1	303
1	329
1	351
1	354
1	369
1	383
2	40
2	79
2	84
2	91
2	144
2	150
2	211
2	283
2	308
2	312
2	339
2	343
2	349
2	355
2	382
3	162
3	199
3	201
3	232
3	260
3	271
3	288
3	313
3	346
3	351
3	353
3	356
3	363
3	393
3	395
4	1
4	37
4	66
4	129
4	142
4	163
4	193
4	202
4	252
4	300
4	305
4	312
4	325
4	327
4	393
5	41
5	69
5	71
5	92
5	94
5	121
5	122
5	140
5	157
5	233
5	281
5	284
5	324
5	348
5	372
6	25
6	40
6	42
6	68
6	145
6	180
6	198
6	233
6	269
6	347
6	348
6	365
6	377
6	391
6	400
7	17
7	34
7	44
7	115
7	130
7	134
7	169
7	238
7	264
7	294
7	304
7	313
7	355
7	382
7	397
8	22
8	122
8	127
8	133
8	194
8	273
8	306
8	325
8	328
8	348
8	358
8	359
8	367
8	370
8	397
9	20
9	58
9	80
9	103
9	150
9	210
9	303
9	304
9	326
9	342
9	347
9	350
9	353
9	382
9	392
10	96
10	115
10	120
10	191
10	207
10	250
10	287
10	293
10	312
10	313
10	340
10	359
10	379
10	387
10	390
11	50
11	79
11	93
11	185
11	222
11	225
11	235
11	251
11	302
11	313
11	314
11	322
11	346
11	381
11	397
12	16
12	29
12	32
12	48
12	83
12	100
12	122
12	156
12	208
12	292
12	294
12	304
12	349
12	361
12	373
13	23
13	109
13	169
13	218
13	242
13	259
13	284
13	288
13	317
13	354
13	368
13	374
13	386
13	387
13	388
14	28
14	51
14	58
14	95
14	148
14	212
14	217
14	257
14	300
14	345
14	360
14	365
14	367
14	377
14	397
15	17
15	81
15	152
15	202
15	218
15	228
15	245
15	249
15	290
15	291
15	354
15	378
15	391
15	395
15	398
16	12
16	129
16	133
16	156
16	263
16	311
16	321
16	324
16	332
16	333
16	338
16	371
16	374
16	392
16	397
17	7
17	15
17	63
17	78
17	136
17	141
17	157
17	169
17	177
17	194
17	203
17	268
17	358
17	361
17	381
18	22
18	102
18	194
18	199
18	231
18	240
18	289
18	305
18	308
18	309
18	320
18	336
18	347
18	373
18	384
19	32
19	36
19	127
19	139
19	140
19	184
19	223
19	231
19	253
19	258
19	304
19	346
19	348
19	355
19	389
20	9
20	31
20	69
20	102
20	149
20	190
20	210
20	211
20	288
20	295
20	326
20	362
20	365
20	368
20	383
21	42
21	59
21	118
21	128
21	216
21	218
21	244
21	265
21	283
21	287
21	296
21	352
21	362
21	364
21	366
22	8
22	18
22	46
22	56
22	130
22	179
22	271
22	357
22	358
22	363
22	369
22	372
22	377
22	388
22	389
23	13
23	43
23	113
23	116
23	248
23	249
23	264
23	268
23	277
23	284
23	321
23	333
23	337
23	358
23	359
24	37
24	126
24	146
24	242
24	244
24	248
24	279
24	294
24	324
24	354
24	357
24	361
24	384
24	386
24	400
25	6
25	70
25	77
25	79
25	99
25	180
25	189
25	294
25	295
25	332
25	357
25	379
25	381
25	382
25	395
26	48
26	56
26	95
26	103
26	174
26	227
26	241
26	289
26	302
26	311
26	327
26	328
26	342
26	381
26	387
27	32
27	56
27	72
27	109
27	166
27	217
27	230
27	248
27	253
27	291
27	326
27	334
27	347
27	390
27	396
28	14
28	103
28	129
28	133
28	249
28	258
28	281
28	302
28	314
28	342
28	344
28	345
28	389
28	390
28	392
29	12
29	61
29	74
29	215
29	218
29	228
29	239
29	247
29	257
29	265
29	356
29	360
29	375
29	388
29	395
30	74
30	97
30	135
30	207
30	223
30	230
30	231
30	245
30	258
30	273
30	350
30	370
30	380
30	382
30	398
31	20
31	78
31	85
31	121
31	142
31	191
31	199
31	235
31	247
31	289
31	300
31	323
31	341
31	355
31	372
31	393
32	12
32	19
32	27
32	131
32	152
32	154
32	159
32	173
32	205
32	206
32	237
32	333
32	334
32	353
32	374
32	380
33	42
33	117
33	118
33	140
33	189
33	234
33	243
33	252
33	268
33	292
33	301
33	324
33	342
33	354
33	372
33	386
34	7
34	58
34	72
34	119
34	122
34	135
34	160
34	177
34	225
34	262
34	263
34	295
34	361
34	368
34	381
34	384
35	41
35	56
35	84
35	142
35	212
35	244
35	288
35	295
35	318
35	328
35	340
35	347
35	368
35	384
35	385
35	396
36	19
36	54
36	83
36	90
36	107
36	166
36	172
36	231
36	282
36	316
36	318
36	341
36	368
36	372
36	393
36	394
37	4
37	24
37	87
37	99
37	142
37	174
37	242
37	267
37	287
37	288
37	308
37	330
37	360
37	373
37	377
37	384
38	88
38	89
38	164
38	181
38	225
38	249
38	279
38	282
38	295
38	335
38	344
38	346
38	354
38	359
38	382
38	394
39	81
39	121
39	187
39	209
39	261
39	264
39	301
39	321
39	343
39	360
39	365
39	376
39	379
39	380
39	383
39	385
40	2
40	6
40	43
40	93
40	108
40	121
40	126
40	205
40	206
40	220
40	253
40	258
40	273
40	276
40	379
40	395
41	5
41	35
41	116
41	168
41	237
41	238
41	247
41	251
41	260
41	261
41	282
41	308
41	326
41	353
41	365
41	377
42	6
42	21
42	33
42	192
42	216
42	260
42	292
42	293
42	296
42	308
42	341
42	344
42	360
42	362
42	394
42	396
43	23
43	40
43	108
43	158
43	199
43	278
43	282
43	321
43	339
43	346
43	354
43	360
43	361
43	384
43	385
43	391
44	7
44	171
44	217
44	224
44	225
44	261
44	277
44	294
44	297
44	312
44	343
44	352
44	364
44	366
44	378
44	382
45	70
45	129
45	142
45	143
45	184
45	218
45	228
45	229
45	271
45	285
45	323
45	330
45	347
45	381
45	398
45	399
46	22
46	131
46	140
46	173
46	221
46	271
46	292
46	305
46	332
46	336
46	345
46	364
46	378
46	392
46	393
46	399
47	145
47	160
47	185
47	319
47	321
47	329
47	339
47	347
47	348
47	352
47	364
47	367
47	380
47	382
47	391
47	396
48	12
48	26
48	59
48	83
48	85
48	100
48	256
48	276
48	280
48	294
48	298
48	308
48	348
48	361
48	379
48	390
49	64
49	68
49	73
49	121
49	166
49	211
49	295
49	297
49	298
49	313
49	335
49	341
49	343
49	379
49	380
49	390
50	11
50	85
50	146
50	162
50	220
50	241
50	254
50	263
50	266
50	306
50	318
50	326
50	349
50	357
50	368
50	400
51	14
51	56
51	66
51	165
51	174
51	213
51	272
51	299
51	329
51	342
51	345
51	353
51	363
51	372
51	375
51	396
52	63
52	111
52	132
52	175
52	203
52	243
52	268
52	271
52	294
52	305
52	335
52	345
52	368
52	377
52	381
52	388
53	119
53	121
53	146
53	158
53	186
53	190
53	212
53	217
53	304
53	314
53	329
53	333
53	336
53	339
53	370
53	380
54	36
54	153
54	156
54	201
54	205
54	246
54	249
54	258
54	263
54	273
54	293
54	342
54	356
54	393
54	395
54	396
55	105
55	120
55	178
55	186
55	196
55	226
55	237
55	250
55	271
55	273
55	293
55	307
55	348
55	365
55	384
55	398
56	22
56	26
56	27
56	35
56	51
56	74
56	112
56	214
56	272
56	286
56	303
56	349
56	352
56	354
56	366
56	384
57	75
57	79
57	129
57	139
57	165
57	168
57	209
57	265
57	269
57	282
57	316
57	332
57	356
57	363
57	393
57	395
58	9
58	14
58	34
58	82
58	100
58	110
58	146
58	166
58	284
58	303
58	313
58	320
58	354
58	371
58	385
58	394
59	21
59	48
59	201
59	232
59	247
59	252
59	265
59	279
59	317
59	339
59	343
59	352
59	366
59	381
59	393
59	395
60	67
60	75
60	79
60	150
60	181
60	233
60	300
60	314
60	315
60	328
60	343
60	365
60	367
60	374
60	382
60	392
61	29
61	97
61	185
61	210
61	216
61	221
61	225
61	234
61	240
61	241
61	266
61	284
61	309
61	325
61	364
61	382
62	76
62	105
62	109
62	112
62	113
62	117
62	175
62	184
62	275
62	279
62	284
62	349
62	356
62	366
62	384
62	396
63	17
63	52
63	152
63	161
63	246
63	255
63	266
63	270
63	285
63	287
63	308
63	317
63	341
63	370
63	376
63	400
64	49
64	69
64	70
64	90
64	111
64	139
64	172
64	173
64	181
64	316
64	321
64	330
64	342
64	350
64	351
64	370
65	74
65	94
65	154
65	279
65	292
65	295
65	300
65	330
65	341
65	344
65	351
65	352
65	360
65	371
65	389
65	399
66	4
66	51
66	116
66	139
66	167
66	176
66	192
66	202
66	210
66	261
66	296
66	304
66	345
66	361
66	364
66	373
67	60
67	89
67	151
67	157
67	182
67	222
67	273
67	356
67	362
67	374
67	383
67	386
67	388
67	390
67	393
67	395
68	6
68	49
68	78
68	93
68	97
68	102
68	107
68	179
68	204
68	254
68	285
68	293
68	311
68	334
68	353
68	375
68	392
69	5
69	20
69	64
69	193
69	286
69	294
69	310
69	311
69	328
69	345
69	359
69	367
69	373
69	381
69	382
69	389
69	397
70	25
70	45
70	64
70	77
70	80
70	135
70	137
70	169
70	172
70	185
70	214
70	249
70	261
70	323
70	340
70	357
70	370
71	5
71	92
71	122
71	133
71	178
71	237
71	242
71	250
71	253
71	260
71	276
71	290
71	303
71	331
71	342
71	368
71	384
72	27
72	34
72	85
72	91
72	107
72	111
72	120
72	131
72	204
72	355
72	361
72	379
72	381
72	386
72	388
72	391
72	400
73	49
73	137
73	174
73	188
73	202
73	209
73	219
73	225
73	245
73	255
73	267
73	325
73	357
73	365
73	379
73	390
73	392
74	29
74	30
74	56
74	65
74	156
74	160
74	200
74	219
74	220
74	238
74	281
74	293
74	327
74	377
74	380
74	383
74	386
75	57
75	60
75	82
75	123
75	134
75	186
75	205
75	224
75	232
75	239
75	312
75	336
75	343
75	358
75	363
75	382
75	392
76	62
76	148
76	154
76	158
76	251
76	258
76	260
76	261
76	284
76	299
76	302
76	314
76	316
76	332
76	337
76	387
76	397
77	25
77	70
77	99
77	152
77	162
77	167
77	178
77	198
77	245
77	258
77	268
77	312
77	319
77	333
77	362
77	363
77	382
78	17
78	31
78	68
78	158
78	178
78	238
78	239
78	251
78	295
78	311
78	331
78	340
78	359
78	369
78	380
78	396
78	398
79	2
79	11
79	25
79	57
79	60
79	84
79	89
79	160
79	174
79	202
79	294
79	309
79	312
79	325
79	352
79	388
79	392
80	9
80	70
80	88
80	173
80	176
80	192
80	205
80	215
80	225
80	227
80	229
80	230
80	305
80	313
80	357
80	362
80	370
81	15
81	39
81	105
81	109
81	177
81	189
81	209
81	210
81	219
81	263
81	269
81	278
81	316
81	346
81	364
81	367
81	397
82	58
82	75
82	113
82	215
82	227
82	284
82	290
82	303
82	305
82	310
82	336
82	352
82	370
82	372
82	374
82	383
82	391
83	12
83	36
83	48
83	85
83	163
83	209
83	212
83	217
83	238
83	293
83	303
83	321
83	349
83	350
83	389
83	396
83	400
84	2
84	35
84	79
84	90
84	107
84	126
84	198
84	224
84	276
84	299
84	306
84	311
84	328
84	336
84	345
84	370
84	374
85	31
85	48
85	50
85	72
85	83
85	129
85	163
85	195
85	204
85	206
85	207
85	245
85	276
85	324
85	339
85	382
85	387
86	108
86	139
86	178
86	248
86	281
86	298
86	311
86	347
86	351
86	370
86	375
86	379
86	380
86	386
86	387
86	395
86	398
87	37
87	89
87	122
87	129
87	169
87	184
87	227
87	231
87	235
87	316
87	319
87	323
87	324
87	330
87	348
87	354
87	384
88	38
88	80
88	127
88	163
88	209
88	220
88	266
88	300
88	303
88	309
88	317
88	326
88	357
88	362
88	371
88	374
88	400
89	38
89	67
89	79
89	87
89	118
89	125
89	169
89	188
89	191
89	194
89	253
89	311
89	363
89	365
89	374
89	391
89	396
90	36
90	64
90	84
90	96
90	97
90	215
90	260
90	297
90	306
90	313
90	344
90	345
90	348
90	370
90	376
90	380
90	398
91	2
91	72
91	98
91	119
91	124
91	125
91	135
91	171
91	207
91	250
91	275
91	286
91	296
91	306
91	318
91	342
91	400
92	5
92	71
92	103
92	155
92	197
92	214
92	237
92	273
92	282
92	293
92	338
92	340
92	352
92	356
92	393
92	394
92	395
93	11
93	40
93	68
93	94
93	112
93	125
93	145
93	187
93	216
93	290
93	294
93	296
93	297
93	330
93	348
93	372
93	392
94	5
94	65
94	93
94	127
94	168
94	172
94	173
94	181
94	184
94	188
94	222
94	236
94	267
94	276
94	309
94	366
94	382
95	14
95	26
95	143
95	175
95	244
95	274
95	285
95	331
95	332
95	337
95	360
95	367
95	371
95	386
95	392
95	393
95	397
96	10
96	90
96	163
96	164
96	184
96	191
96	204
96	255
96	299
96	310
96	321
96	326
96	360
96	362
96	370
96	388
96	389
97	30
97	61
97	68
97	90
97	138
97	156
97	242
97	307
97	324
97	333
97	334
97	364
97	375
97	377
97	379
97	380
97	386
97	395
98	1
98	91
98	167
98	260
98	263
98	274
98	279
98	284
98	298
98	307
98	312
98	315
98	335
98	352
98	356
98	372
98	377
98	378
99	25
99	37
99	77
99	100
99	113
99	166
99	167
99	174
99	196
99	245
99	294
99	302
99	343
99	365
99	375
99	382
99	383
99	394
100	12
100	48
100	58
100	99
100	127
100	155
100	168
100	208
100	216
100	237
100	241
100	256
100	274
100	336
100	338
100	360
100	364
100	400
101	122
101	133
101	148
101	149
101	175
101	189
101	228
101	247
101	250
101	270
101	275
101	296
101	309
101	347
101	371
101	372
101	381
101	399
102	18
102	20
102	68
102	115
102	122
102	131
102	137
102	153
102	206
102	223
102	236
102	257
102	303
102	328
102	329
102	343
102	354
102	399
103	9
103	26
103	28
103	92
103	129
103	174
103	178
103	206
103	226
103	254
103	282
103	318
103	330
103	333
103	362
103	379
103	380
103	387
104	106
104	172
104	194
104	196
104	199
104	227
104	232
104	259
104	299
104	302
104	316
104	317
104	333
104	334
104	341
104	360
104	369
104	377
105	55
105	62
105	81
105	128
105	152
105	182
105	184
105	222
105	225
105	240
105	273
105	274
105	340
105	347
105	353
105	382
105	384
105	398
106	104
106	113
106	130
106	131
106	147
106	164
106	177
106	191
106	232
106	276
106	287
106	322
106	323
106	373
106	383
106	386
106	387
106	396
107	36
107	68
107	72
107	84
107	123
107	145
107	153
107	165
107	180
107	191
107	214
107	228
107	241
107	273
107	313
107	370
107	373
107	378
108	40
108	43
108	86
108	116
108	128
108	135
108	153
108	176
108	181
108	195
108	214
108	233
108	297
108	311
108	339
108	360
108	368
108	386
109	13
109	27
109	62
109	81
109	117
109	118
109	150
109	195
109	207
109	272
109	277
109	285
109	286
109	335
109	352
109	370
109	377
109	394
110	58
110	144
110	181
110	185
110	200
110	208
110	230
110	256
110	282
110	301
110	314
110	327
110	346
110	351
110	353
110	391
110	392
110	397
111	52
111	64
111	72
111	124
111	153
111	209
111	239
111	272
111	302
111	321
111	336
111	341
111	364
111	371
111	373
111	389
111	392
111	394
112	56
112	62
112	93
112	147
112	182
112	221
112	231
112	247
112	250
112	277
112	292
112	312
112	336
112	339
112	341
112	362
112	376
112	389
113	23
113	62
113	82
113	99
113	106
113	154
113	229
113	233
113	236
113	248
113	264
113	308
113	330
113	361
113	368
113	379
113	383
113	392
114	123
114	127
114	132
114	154
114	164
114	167
114	176
114	180
114	186
114	250
114	255
114	259
114	261
114	356
114	359
114	376
114	380
114	387
115	7
115	10
115	102
115	159
115	186
115	200
115	205
115	225
115	235
115	240
115	255
115	277
115	287
115	288
115	323
115	367
115	369
115	387
116	23
116	41
116	66
116	108
116	119
116	157
116	220
116	228
116	230
116	292
116	312
116	319
116	338
116	343
116	344
116	373
116	391
116	394
117	33
117	62
117	109
117	143
117	188
117	189
117	193
117	199
117	207
117	296
117	307
117	319
117	364
117	373
117	376
117	385
117	389
117	395
118	21
118	33
118	89
118	109
118	147
118	159
118	166
118	185
118	194
118	215
118	241
118	331
118	355
118	365
118	368
118	375
118	381
118	388
119	34
119	53
119	91
119	116
119	157
119	161
119	201
119	205
119	227
119	228
119	245
119	267
119	321
119	328
119	345
119	367
119	393
119	397
120	10
120	55
120	72
120	123
120	165
120	218
120	230
120	248
120	274
120	277
120	286
120	324
120	341
120	355
120	365
120	377
120	384
120	400
121	5
121	31
121	39
121	40
121	49
121	53
121	134
121	177
121	256
121	259
121	274
121	281
121	332
121	335
121	345
121	357
121	367
121	397
122	5
122	8
122	12
122	34
122	71
122	87
122	101
122	102
122	165
122	227
122	267
122	293
122	314
122	316
122	322
122	332
122	348
122	358
123	75
123	107
123	114
123	120
123	143
123	150
123	164
123	183
123	186
123	227
123	240
123	268
123	272
123	278
123	307
123	359
123	372
123	398
124	91
124	111
124	133
124	193
124	204
124	214
124	217
124	278
124	284
124	288
124	291
124	318
124	325
124	351
124	352
124	376
124	388
124	397
125	89
125	91
125	93
125	179
125	181
125	216
125	281
125	292
125	323
125	333
125	335
125	352
125	369
125	377
125	384
125	391
125	396
125	400
126	24
126	40
126	84
126	128
126	140
126	232
126	243
126	265
126	290
126	301
126	313
126	319
126	333
126	349
126	350
126	351
126	357
126	369
126	395
127	8
127	19
127	88
127	94
127	100
127	114
127	166
127	180
127	190
127	226
127	249
127	271
127	272
127	296
127	337
127	345
127	369
127	374
127	376
128	21
128	105
128	108
128	126
128	180
128	190
128	232
128	233
128	256
128	269
128	270
128	305
128	322
128	336
128	350
128	361
128	373
128	383
128	387
129	4
129	16
129	28
129	45
129	57
129	85
129	87
129	103
129	171
129	198
129	203
129	215
129	330
129	339
129	342
129	352
129	384
129	387
129	396
130	7
130	22
130	106
130	135
130	139
130	163
130	191
130	194
130	210
130	259
130	263
130	268
130	277
130	336
130	338
130	367
130	386
130	387
130	388
131	32
131	46
131	72
131	102
131	106
131	154
131	159
131	257
131	287
131	302
131	304
131	316
131	327
131	343
131	349
131	353
131	371
131	379
131	396
132	52
132	114
132	148
132	198
132	220
132	258
132	270
132	308
132	317
132	333
132	336
132	341
132	343
132	363
132	376
132	377
132	380
132	382
132	384
133	8
133	16
133	28
133	71
133	101
133	124
133	135
133	190
133	265
133	288
133	303
133	317
133	322
133	326
133	364
133	367
133	373
133	374
133	379
134	7
134	75
134	121
134	208
134	238
134	262
134	280
134	282
134	302
134	307
134	312
134	330
134	340
134	343
134	354
134	371
134	382
134	390
134	400
135	30
135	34
135	70
135	91
135	108
135	130
135	133
135	150
135	156
135	175
135	219
135	224
135	259
135	289
135	329
135	357
135	369
135	375
135	392
136	17
136	178
136	180
136	192
136	253
136	277
136	283
136	291
136	315
136	317
136	324
136	327
136	329
136	350
136	360
136	377
136	378
136	390
136	397
137	70
137	73
137	102
137	156
137	178
137	179
137	184
137	186
137	199
137	209
137	279
137	282
137	313
137	328
137	354
137	355
137	357
137	387
137	398
138	97
138	175
138	190
138	211
138	231
138	248
138	252
138	281
138	290
138	300
138	307
138	315
138	317
138	324
138	342
138	346
138	375
138	379
138	400
139	19
139	57
139	64
139	66
139	86
139	130
139	207
139	210
139	237
139	252
139	287
139	323
139	351
139	364
139	368
139	375
139	385
139	387
139	393
140	5
140	19
140	33
140	46
140	126
140	146
140	200
140	208
140	222
140	245
140	251
140	266
140	281
140	310
140	313
140	320
140	323
140	362
140	392
141	17
141	143
141	161
141	167
141	169
141	190
141	198
141	203
141	220
141	264
141	283
141	293
141	297
141	307
141	311
141	338
141	346
141	365
141	372
142	4
142	31
142	35
142	37
142	45
142	183
142	214
142	228
142	230
142	280
142	307
142	309
142	330
142	353
142	362
142	365
142	368
142	372
142	378
143	45
143	95
143	117
143	123
143	141
143	159
143	167
143	235
143	250
143	278
143	297
143	299
143	314
143	332
143	340
143	366
143	367
143	382
143	391
144	2
144	110
144	178
144	188
144	199
144	215
144	250
144	257
144	263
144	299
144	336
144	338
144	348
144	351
144	364
144	368
144	390
144	397
144	399
145	6
145	47
145	93
145	107
145	151
145	180
145	195
145	208
145	212
145	257
145	261
145	266
145	276
145	285
145	289
145	298
145	313
145	334
145	343
145	363
146	24
146	50
146	53
146	58
146	140
146	149
146	187
146	189
146	197
146	271
146	280
146	302
146	304
146	306
146	307
146	322
146	325
146	341
146	354
146	358
147	106
147	112
147	118
147	157
147	200
147	206
147	229
147	236
147	287
147	317
147	319
147	322
147	338
147	360
147	375
147	381
147	382
147	384
147	387
147	399
148	14
148	76
148	101
148	132
148	186
148	213
148	217
148	243
148	261
148	268
148	269
148	271
148	275
148	278
148	312
148	348
148	350
148	354
148	384
148	389
149	20
149	101
149	146
149	200
149	218
149	220
149	229
149	236
149	270
149	276
149	289
149	314
149	325
149	326
149	344
149	355
149	363
149	374
149	397
149	398
150	2
150	9
150	60
150	109
150	123
150	135
150	161
150	174
150	185
150	187
150	201
150	218
150	244
150	256
150	307
150	326
150	331
150	358
150	359
150	383
151	67
151	145
151	159
151	182
151	213
151	227
151	236
151	247
151	260
151	265
151	313
151	318
151	322
151	344
151	355
151	356
151	365
151	380
151	393
151	395
152	15
152	32
152	63
152	77
152	105
152	164
152	186
152	217
152	241
152	259
152	261
152	274
152	282
152	295
152	298
152	334
152	353
152	368
152	376
152	379
153	54
153	102
153	107
153	108
153	111
153	164
153	170
153	188
153	220
153	247
153	276
153	280
153	281
153	295
153	334
153	351
153	353
153	376
153	385
153	390
154	32
154	65
154	76
154	113
154	114
154	131
154	174
154	177
154	196
154	258
154	274
154	305
154	306
154	311
154	313
154	316
154	327
154	346
154	364
154	380
155	92
155	100
155	163
155	226
155	236
155	286
155	288
155	308
155	327
155	334
155	356
155	357
155	361
155	370
155	378
155	386
155	393
155	397
155	398
155	400
156	12
156	16
156	54
156	74
156	97
156	135
156	137
156	164
156	175
156	192
156	210
156	239
156	262
156	269
156	305
156	328
156	356
156	378
156	380
156	383
157	5
157	17
157	67
157	116
157	119
157	147
157	176
157	191
157	256
157	299
157	305
157	306
157	329
157	338
157	360
157	363
157	378
157	386
157	389
157	397
158	43
158	53
158	76
158	78
158	166
158	189
158	262
158	269
158	283
158	306
158	316
158	319
158	325
158	326
158	344
158	346
158	370
158	388
158	394
158	397
159	32
159	115
159	118
159	131
159	143
159	151
159	166
159	191
159	215
159	232
159	255
159	264
159	265
159	333
159	340
159	344
159	360
159	373
159	394
159	399
160	34
160	47
160	74
160	79
160	167
160	172
160	176
160	195
160	200
160	209
160	225
160	239
160	264
160	279
160	334
160	350
160	352
160	373
160	396
160	399
161	63
161	119
161	141
161	150
161	166
161	196
161	207
161	239
161	248
161	292
161	296
161	309
161	322
161	324
161	349
161	350
161	353
161	355
161	392
161	394
162	3
162	50
162	77
162	193
162	232
162	252
162	256
162	261
162	290
162	291
162	301
162	322
162	323
162	343
162	364
162	374
162	375
162	377
162	378
162	392
163	4
163	83
163	85
163	88
163	96
163	130
163	155
163	170
163	191
163	210
163	212
163	229
163	239
163	254
163	257
163	263
163	330
163	335
163	353
163	373
164	38
164	96
164	106
164	114
164	123
164	152
164	153
164	156
164	231
164	247
164	254
164	293
164	304
164	306
164	309
164	332
164	347
164	353
164	354
164	387
164	399
165	51
165	57
165	107
165	120
165	122
165	189
165	201
165	232
165	247
165	273
165	279
165	313
165	332
165	335
165	349
165	367
165	376
165	382
165	388
165	393
165	395
166	27
166	36
166	49
166	58
166	99
166	118
166	127
166	158
166	159
166	161
166	206
166	274
166	293
166	312
166	314
166	341
166	349
166	359
166	371
166	372
166	394
167	66
167	77
167	98
167	99
167	114
167	141
167	143
167	160
167	183
167	209
167	238
167	276
167	294
167	320
167	328
167	343
167	347
167	356
167	382
167	396
167	399
168	41
168	57
168	94
168	100
168	170
168	258
168	269
168	276
168	291
168	311
168	315
168	318
168	322
168	333
168	347
168	348
168	354
168	370
168	375
168	390
168	392
169	7
169	13
169	17
169	70
169	87
169	89
169	141
169	231
169	237
169	242
169	282
169	288
169	304
169	324
169	325
169	328
169	331
169	337
169	355
169	373
169	378
170	153
170	163
170	168
170	188
170	191
170	201
170	213
170	229
170	245
170	252
170	265
170	289
170	296
170	307
170	309
170	316
170	319
170	330
170	357
170	388
170	399
171	44
171	91
171	129
171	210
171	217
171	239
171	240
171	257
171	264
171	281
171	320
171	328
171	333
171	334
171	337
171	354
171	365
171	378
171	380
171	390
171	396
172	36
172	64
172	70
172	94
172	104
172	160
172	194
172	200
172	248
172	250
172	276
172	297
172	336
172	351
172	355
172	361
172	376
172	390
172	395
172	397
172	400
173	32
173	46
173	64
173	80
173	94
173	186
173	230
173	236
173	250
173	270
173	271
173	274
173	278
173	280
173	309
173	320
173	332
173	348
173	366
173	378
173	390
174	26
174	37
174	51
174	73
174	79
174	99
174	103
174	150
174	154
174	217
174	238
174	275
174	300
174	307
174	324
174	331
174	352
174	361
174	377
174	381
174	400
175	52
175	62
175	95
175	101
175	135
175	138
175	156
175	185
175	203
175	216
175	268
175	270
175	276
175	315
175	321
175	337
175	347
175	378
175	388
175	399
175	400
176	66
176	80
176	108
176	114
176	157
176	160
176	183
176	208
176	212
176	237
176	287
176	289
176	295
176	308
176	338
176	350
176	352
176	358
176	362
176	371
176	397
177	17
177	34
177	81
177	106
177	121
177	154
177	234
177	269
177	271
177	281
177	283
177	294
177	299
177	302
177	311
177	313
177	366
177	369
177	374
177	377
177	381
178	55
178	71
178	77
178	78
178	86
178	103
178	136
178	137
178	144
178	192
178	212
178	223
178	253
178	274
178	312
178	316
178	320
178	325
178	330
178	348
178	385
179	22
179	68
179	125
179	137
179	192
179	212
179	220
179	231
179	246
179	300
179	303
179	304
179	319
179	327
179	354
179	377
179	380
179	384
179	386
179	390
179	395
180	6
180	25
180	107
180	114
180	127
180	128
180	136
180	145
180	208
180	246
180	291
180	292
180	298
180	311
180	315
180	325
180	347
180	360
180	370
180	374
180	399
181	38
181	60
181	64
181	94
181	108
181	110
181	125
181	221
181	234
181	248
181	264
181	281
181	288
181	326
181	327
181	339
181	340
181	359
181	368
181	380
181	382
182	67
182	105
182	112
182	151
182	199
182	223
182	236
182	300
182	302
182	314
182	320
182	321
182	347
182	349
182	353
182	358
182	361
182	366
182	380
182	384
182	394
183	123
183	142
183	167
183	176
183	207
183	221
183	224
183	254
183	262
183	282
183	283
183	299
183	304
183	313
183	322
183	359
183	373
183	375
183	377
183	389
183	396
184	19
184	45
184	62
184	87
184	94
184	96
184	105
184	137
184	242
184	245
184	255
184	271
184	325
184	326
184	334
184	339
184	340
184	347
184	357
184	384
184	396
185	11
185	47
185	61
185	70
185	110
185	118
185	150
185	175
185	227
185	230
185	256
185	258
185	285
185	313
185	314
185	321
185	322
185	365
185	370
185	374
185	376
186	53
186	55
186	75
186	114
186	115
186	123
186	137
186	148
186	152
186	173
186	191
186	199
186	211
186	244
186	305
186	333
186	336
186	347
186	366
186	386
186	390
186	393
187	39
187	93
187	146
187	150
187	217
187	261
187	282
187	285
187	306
187	313
187	319
187	323
187	330
187	333
187	344
187	345
187	348
187	350
187	361
187	381
187	395
187	396
188	73
188	89
188	94
188	117
188	144
188	153
188	170
188	203
188	229
188	244
188	254
188	267
188	270
188	272
188	273
188	300
188	343
188	365
188	369
188	378
188	395
188	398
189	25
189	33
189	81
189	101
189	117
189	146
189	158
189	165
189	232
189	246
189	283
189	294
189	295
189	330
189	331
189	333
189	339
189	343
189	349
189	369
189	373
189	378
190	20
190	53
190	127
190	128
190	133
190	138
190	141
190	194
190	210
190	221
190	222
190	261
190	296
190	300
190	315
190	343
190	348
190	358
190	359
190	365
190	396
190	399
191	10
191	31
191	89
191	96
191	106
191	107
191	130
191	157
191	159
191	163
191	170
191	186
191	203
191	205
191	278
191	288
191	292
191	298
191	328
191	375
191	387
191	398
192	42
192	66
192	80
192	136
192	156
192	178
192	179
192	219
192	235
192	274
192	293
192	302
192	304
192	313
192	340
192	342
192	346
192	356
192	358
192	366
192	387
192	388
193	4
193	69
193	117
193	124
193	162
193	197
193	213
193	229
193	232
193	276
193	290
193	307
193	333
193	334
193	336
193	340
193	349
193	368
193	381
193	385
193	392
193	395
194	8
194	17
194	18
194	89
194	104
194	118
194	130
194	172
194	190
194	211
194	227
194	247
194	250
194	258
194	293
194	315
194	338
194	352
194	355
194	386
194	393
194	398
195	85
195	108
195	109
195	145
195	160
195	197
195	223
195	236
195	271
195	291
195	304
195	305
195	324
195	329
195	355
195	365
195	367
195	370
195	378
195	384
195	386
195	395
196	55
196	99
196	104
196	154
196	161
196	202
196	224
196	228
196	236
196	246
196	280
196	283
196	298
196	304
196	319
196	322
196	323
196	338
196	340
196	341
196	369
196	389
197	92
197	146
197	193
197	195
197	199
197	202
197	206
197	219
197	256
197	287
197	289
197	290
197	294
197	315
197	337
197	349
197	360
197	364
197	375
197	379
197	387
197	399
198	6
198	77
198	84
198	129
198	132
198	141
198	213
198	224
198	239
198	240
198	246
198	267
198	277
198	305
198	326
198	348
198	352
198	360
198	363
198	366
198	372
198	378
199	3
199	18
199	31
199	43
199	104
199	117
199	137
199	144
199	182
199	186
199	197
199	210
199	263
199	275
199	309
199	310
199	347
199	350
199	358
199	366
199	386
199	389
200	74
200	110
200	115
200	140
200	147
200	149
200	160
200	172
200	223
200	226
200	231
200	247
200	269
200	296
200	300
200	305
200	310
200	316
200	336
200	344
200	386
200	398
201	3
201	54
201	59
201	119
201	150
201	165
201	170
201	209
201	240
201	248
201	265
201	297
201	342
201	349
201	356
201	360
201	381
201	385
201	387
201	389
201	393
201	397
202	4
202	15
202	66
202	73
202	79
202	196
202	197
202	260
202	283
202	285
202	292
202	298
202	325
202	337
202	348
202	350
202	355
202	362
202	371
202	373
202	376
202	385
202	399
203	17
203	52
203	129
203	141
203	175
203	188
203	191
203	205
203	228
203	243
203	244
203	278
203	310
203	315
203	321
203	327
203	350
203	353
203	357
203	375
203	378
203	386
203	398
204	68
204	72
204	85
204	96
204	124
204	216
204	222
204	234
204	239
204	254
204	255
204	257
204	266
204	282
204	290
204	321
204	329
204	358
204	365
204	370
204	375
204	378
204	391
205	32
205	40
205	54
205	75
205	80
205	115
205	119
205	191
205	203
205	223
205	230
205	256
205	292
205	305
205	310
205	333
205	342
205	370
205	376
205	381
205	382
205	387
205	391
206	32
206	40
206	85
206	102
206	103
206	147
206	166
206	197
206	215
206	258
206	259
206	301
206	316
206	319
206	321
206	357
206	358
206	363
206	367
206	369
206	372
206	383
206	390
207	10
207	30
207	85
207	91
207	109
207	117
207	139
207	161
207	183
207	228
207	259
207	268
207	280
207	310
207	311
207	323
207	359
207	361
207	369
207	371
207	387
207	394
207	400
208	12
208	100
208	110
208	134
208	140
208	145
208	176
208	180
208	222
208	228
208	231
208	246
208	256
208	274
208	277
208	339
208	342
208	360
208	373
208	376
208	382
208	383
208	399
209	39
209	57
209	73
209	81
209	83
209	88
209	111
209	137
209	160
209	167
209	201
209	239
209	271
209	275
209	278
209	304
209	318
209	335
209	341
209	342
209	379
209	394
209	399
210	9
210	20
210	61
210	66
210	81
210	130
210	139
210	156
210	163
210	171
210	190
210	199
210	216
210	235
210	267
210	287
210	299
210	310
210	318
210	330
210	362
210	367
210	387
211	2
211	20
211	49
211	138
211	186
211	194
211	218
211	238
211	254
211	258
211	260
211	272
211	278
211	286
211	290
211	329
211	358
211	368
211	377
211	383
211	388
211	389
211	399
212	14
212	35
212	53
212	83
212	145
212	163
212	176
212	178
212	179
212	219
212	251
212	258
212	292
212	312
212	328
212	329
212	339
212	341
212	349
212	358
212	375
212	379
212	385
213	51
213	148
213	151
213	170
213	193
213	198
213	219
213	226
213	246
213	248
213	249
213	252
213	267
213	301
213	314
213	323
213	347
213	349
213	351
213	363
213	372
213	384
213	397
214	56
214	70
214	92
214	107
214	108
214	124
214	142
214	226
214	252
214	268
214	281
214	282
214	297
214	302
214	321
214	324
214	330
214	334
214	337
214	344
214	354
214	384
214	386
215	29
215	80
215	82
215	90
215	118
215	129
215	144
215	159
215	206
215	228
215	263
215	275
215	308
215	310
215	318
215	346
215	351
215	371
215	372
215	373
215	377
215	383
215	389
216	21
216	42
216	61
216	93
216	100
216	125
216	175
216	204
216	210
216	264
216	270
216	278
216	285
216	300
216	316
216	332
216	336
216	337
216	357
216	358
216	375
216	377
216	388
217	14
217	27
217	44
217	53
217	83
217	124
217	148
217	152
217	171
217	174
217	187
217	229
217	273
217	323
217	342
217	346
217	351
217	376
217	377
217	379
217	390
217	398
217	400
218	13
218	15
218	21
218	29
218	45
218	120
218	149
218	150
218	211
218	237
218	259
218	288
218	295
218	303
218	307
218	348
218	355
218	357
218	368
218	369
218	383
218	393
218	395
219	73
219	74
219	81
219	135
219	192
219	197
219	212
219	213
219	232
219	235
219	280
219	297
219	299
219	306
219	325
219	353
219	354
219	355
219	364
219	369
219	376
219	390
219	391
220	40
220	50
220	74
220	88
220	116
220	132
220	141
220	149
220	153
220	179
220	232
220	253
220	268
220	275
220	292
220	319
220	326
220	341
220	342
220	347
220	361
220	371
220	383
221	46
221	61
221	112
221	181
221	183
221	190
221	236
221	263
221	267
221	283
221	299
221	302
221	303
221	315
221	318
221	331
221	334
221	340
221	345
221	362
221	379
221	390
221	396
222	11
222	67
222	94
222	105
222	140
222	190
222	204
222	208
222	230
222	236
222	242
222	244
222	258
222	269
222	279
222	305
222	310
222	351
222	352
222	353
222	368
222	374
222	378
222	399
223	19
223	30
223	102
223	178
223	182
223	195
223	200
223	205
223	231
223	269
223	279
223	302
223	305
223	307
223	310
223	319
223	321
223	353
223	364
223	376
223	388
223	394
223	398
223	400
224	44
224	75
224	84
224	135
224	183
224	196
224	198
224	226
224	236
224	245
224	259
224	264
224	268
224	308
224	345
224	349
224	357
224	372
224	382
224	383
224	389
224	391
224	392
224	398
225	11
225	34
225	38
225	44
225	61
225	73
225	80
225	105
225	115
225	160
225	247
225	262
225	268
225	294
225	297
225	312
225	313
225	316
225	339
225	367
225	381
225	383
225	385
225	397
226	55
226	103
226	127
226	155
226	200
226	213
226	214
226	224
226	240
226	255
226	268
226	276
226	287
226	301
226	304
226	314
226	317
226	320
226	335
226	344
226	354
226	362
226	366
226	372
227	26
227	80
227	82
227	87
227	104
227	119
227	122
227	123
227	151
227	185
227	194
227	254
227	268
227	304
227	306
227	317
227	328
227	331
227	346
227	362
227	370
227	381
227	385
227	397
228	15
228	29
228	45
228	101
228	107
228	116
228	119
228	142
228	196
228	203
228	207
228	208
228	215
228	235
228	287
228	304
228	330
228	338
228	340
228	346
228	375
228	387
228	388
228	389
229	45
229	80
229	113
229	147
229	149
229	163
229	170
229	188
229	193
229	217
229	262
229	297
229	298
229	315
229	319
229	321
229	329
229	338
229	371
229	374
229	375
229	397
229	399
229	400
230	27
230	30
230	80
230	110
230	116
230	120
230	142
230	173
230	185
230	205
230	222
230	234
230	241
230	246
230	252
230	270
230	276
230	321
230	325
230	326
230	338
230	356
230	362
230	378
231	18
231	19
231	30
231	36
231	87
231	112
231	138
231	164
231	169
231	179
231	200
231	208
231	223
231	237
231	244
231	255
231	301
231	306
231	329
231	349
231	370
231	376
231	389
231	398
232	3
232	59
232	75
232	104
232	106
232	126
232	128
232	159
232	162
232	165
232	189
232	193
232	219
232	220
232	237
232	253
232	278
232	280
232	281
232	325
232	335
232	383
232	387
232	395
233	5
233	6
233	60
233	108
233	113
233	128
233	234
233	237
233	242
233	249
233	252
233	262
233	288
233	301
233	322
233	336
233	338
233	344
233	345
233	358
233	372
233	373
233	380
233	385
234	33
234	61
234	177
234	181
234	204
234	230
234	233
234	246
234	248
234	253
234	267
234	278
234	284
234	307
234	311
234	320
234	334
234	356
234	357
234	368
234	379
234	381
234	394
234	396
235	11
235	31
235	87
235	115
235	143
235	192
235	210
235	219
235	228
235	241
235	274
235	281
235	314
235	317
235	323
235	324
235	330
235	354
235	359
235	366
235	373
235	374
235	386
235	387
236	94
236	102
236	113
236	147
236	149
236	151
236	155
236	173
236	182
236	195
236	196
236	221
236	222
236	224
236	243
236	245
236	250
236	255
236	303
236	309
236	333
236	334
236	339
236	366
236	381
237	1
237	32
237	41
237	55
237	71
237	92
237	100
237	139
237	169
237	176
237	218
237	231
237	232
237	233
237	248
237	253
237	272
237	303
237	310
237	325
237	329
237	361
237	381
237	386
237	397
238	7
238	41
238	74
238	78
238	83
238	134
238	167
238	174
238	211
238	257
238	281
238	291
238	294
238	312
238	313
238	323
238	329
238	343
238	350
238	351
238	362
238	371
238	378
238	382
238	389
239	29
239	75
239	78
239	111
239	156
239	160
239	161
239	163
239	171
239	198
239	204
239	209
239	257
239	261
239	265
239	280
239	281
239	312
239	334
239	342
239	358
239	361
239	369
239	393
239	397
240	18
240	61
240	105
240	115
240	123
240	171
240	198
240	201
240	226
240	252
240	274
240	289
240	300
240	303
240	308
240	318
240	337
240	339
240	362
240	363
240	372
240	376
240	382
240	392
240	398
241	26
241	50
241	61
241	100
241	107
241	118
241	152
241	230
241	235
241	253
241	266
241	269
241	278
241	280
241	292
241	326
241	332
241	341
241	374
241	379
241	383
241	385
241	390
241	394
241	399
242	13
242	24
242	37
242	71
242	97
242	169
242	184
242	222
242	233
242	245
242	258
242	264
242	279
242	289
242	314
242	330
242	333
242	335
242	342
242	350
242	352
242	361
242	387
242	391
242	398
243	33
243	52
243	126
243	148
243	203
243	236
243	250
243	252
243	255
243	259
243	275
243	288
243	299
243	301
243	305
243	309
243	311
243	312
243	315
243	320
243	352
243	359
243	370
243	384
243	398
244	21
244	24
244	35
244	95
244	150
244	186
244	188
244	203
244	222
244	231
244	265
244	267
244	269
244	284
244	304
244	316
244	319
244	331
244	339
244	355
244	359
244	366
244	372
244	387
244	397
245	15
245	30
245	73
245	77
245	85
245	99
245	119
245	140
245	170
245	184
245	224
245	236
245	242
245	246
245	276
245	280
245	317
245	318
245	326
245	334
245	350
245	367
245	391
245	396
245	400
246	54
246	63
246	179
246	180
246	189
246	196
246	198
246	208
246	213
246	230
246	234
246	245
246	251
246	268
246	269
246	293
246	307
246	317
246	332
246	335
246	345
246	349
246	372
246	381
246	385
246	391
247	1
247	29
247	31
247	41
247	59
247	101
247	112
247	151
247	153
247	164
247	165
247	194
247	200
247	225
247	273
247	280
247	294
247	296
247	301
247	309
247	356
247	381
247	385
247	393
247	394
247	395
248	23
248	24
248	27
248	86
248	113
248	120
248	138
248	161
248	172
248	181
248	201
248	213
248	234
248	237
248	264
248	303
248	312
248	325
248	336
248	354
248	358
248	368
248	370
248	371
248	391
248	397
249	15
249	23
249	28
249	38
249	54
249	70
249	127
249	213
249	233
249	260
249	274
249	287
249	290
249	319
249	337
249	343
249	355
249	358
249	361
249	368
249	369
249	384
249	385
249	388
249	391
249	395
250	10
250	55
250	71
250	91
250	101
250	112
250	114
250	143
250	144
250	172
250	173
250	194
250	236
250	243
250	266
250	271
250	290
250	312
250	322
250	343
250	347
250	362
250	366
250	371
250	386
250	392
251	11
251	41
251	76
251	78
251	140
251	212
251	246
251	252
251	264
251	272
251	276
251	280
251	293
251	299
251	304
251	309
251	314
251	318
251	321
251	326
251	342
251	362
251	372
251	380
251	390
251	400
252	4
252	33
252	59
252	138
252	139
252	162
252	170
252	213
252	214
252	230
252	233
252	240
252	243
252	251
252	267
252	270
252	272
252	275
252	288
252	296
252	315
252	332
252	376
252	384
252	394
252	395
253	19
253	27
253	40
253	71
253	89
253	136
253	178
253	220
253	232
253	234
253	237
253	241
253	266
253	277
253	311
253	338
253	343
253	344
253	355
253	365
253	368
253	372
253	380
253	389
253	391
253	400
254	50
254	68
254	103
254	163
254	164
254	183
254	188
254	204
254	211
254	227
254	259
254	278
254	300
254	320
254	329
254	335
254	337
254	343
254	357
254	369
254	370
254	372
254	373
254	375
254	388
254	390
255	63
255	73
255	96
255	114
255	115
255	159
255	184
255	204
255	226
255	231
255	236
255	243
255	260
255	264
255	271
255	275
255	289
255	322
255	329
255	331
255	338
255	347
255	366
255	369
255	380
255	384
256	48
256	100
256	110
256	121
256	128
256	150
256	157
256	162
256	185
256	197
256	205
256	208
256	258
256	270
256	273
256	276
256	279
256	323
256	343
256	347
256	351
256	361
256	382
256	394
256	395
256	397
257	14
257	29
257	102
257	131
257	144
257	145
257	163
257	171
257	204
257	238
257	239
257	298
257	300
257	302
257	304
257	310
257	312
257	319
257	326
257	335
257	344
257	345
257	347
257	356
257	358
257	379
257	389
258	1
258	19
258	28
258	30
258	40
258	54
258	76
258	77
258	132
258	154
258	168
258	185
258	194
258	206
258	211
258	212
258	222
258	242
258	256
258	261
258	266
258	269
258	306
258	333
258	351
258	377
258	393
259	13
259	104
259	114
259	121
259	130
259	135
259	152
259	206
259	207
259	218
259	224
259	243
259	254
259	263
259	268
259	314
259	317
259	319
259	328
259	335
259	345
259	348
259	355
259	362
259	363
259	372
259	386
260	3
260	41
260	42
260	71
260	76
260	90
260	98
260	151
260	202
260	211
260	249
260	255
260	284
260	306
260	316
260	319
260	325
260	329
260	337
260	339
260	357
260	359
260	369
260	374
260	383
260	385
260	399
261	39
261	41
261	44
261	66
261	70
261	76
261	114
261	145
261	148
261	152
261	162
261	187
261	190
261	239
261	258
261	296
261	311
261	351
261	356
261	375
261	380
261	381
261	385
261	388
261	392
261	394
261	400
262	34
262	134
262	156
262	158
262	183
262	225
262	229
262	233
262	263
262	282
262	286
262	296
262	306
262	311
262	313
262	328
262	331
262	339
262	358
262	371
262	372
262	374
262	381
262	383
262	387
262	391
262	397
263	16
263	34
263	50
263	54
263	81
263	98
263	130
263	144
263	163
263	199
263	215
263	221
263	259
263	262
263	271
263	278
263	280
263	299
263	310
263	323
263	331
263	336
263	362
263	365
263	368
263	381
263	390
264	1
264	7
264	23
264	39
264	113
264	141
264	159
264	160
264	171
264	181
264	216
264	224
264	242
264	248
264	251
264	255
264	266
264	270
264	278
264	287
264	289
264	325
264	329
264	342
264	346
264	364
264	383
265	21
265	29
265	57
265	59
265	126
265	133
265	151
265	159
265	170
265	201
265	239
265	244
265	266
265	273
265	285
265	293
265	298
265	310
265	356
265	360
265	361
265	365
265	367
265	371
265	393
265	395
265	398
265	399
266	50
266	61
266	63
266	88
266	140
266	145
266	204
266	241
266	250
266	253
266	258
266	264
266	265
266	267
266	271
266	272
266	276
266	278
266	284
266	301
266	351
266	362
266	363
266	376
266	377
266	380
266	383
266	388
267	1
267	37
267	73
267	94
267	119
267	122
267	188
267	198
267	210
267	213
267	221
267	234
267	244
267	252
267	266
267	298
267	307
267	315
267	334
267	344
267	360
267	364
267	365
267	377
267	378
267	385
267	386
267	389
268	17
268	23
268	33
268	52
268	77
268	123
268	130
268	148
268	175
268	207
268	214
268	220
268	224
268	225
268	226
268	227
268	246
268	259
268	272
268	286
268	297
268	305
268	327
268	348
268	358
268	367
268	374
268	376
269	6
269	57
269	81
269	128
269	148
269	156
269	158
269	168
269	177
269	200
269	222
269	223
269	241
269	244
269	246
269	258
269	273
269	276
269	292
269	296
269	305
269	325
269	328
269	351
269	360
269	373
269	389
269	393
270	63
270	101
270	128
270	132
270	149
270	173
270	175
270	188
270	216
270	230
270	252
270	256
270	264
270	274
270	292
270	295
270	297
270	301
270	306
270	319
270	334
270	339
270	344
270	354
270	357
270	371
270	385
270	393
271	3
271	22
271	45
271	46
271	52
271	55
271	127
271	146
271	148
271	173
271	177
271	184
271	195
271	209
271	250
271	255
271	263
271	266
271	275
271	281
271	298
271	307
271	350
271	356
271	361
271	374
271	384
271	388
271	391
272	51
272	56
272	109
272	111
272	123
272	127
272	188
272	211
272	237
272	251
272	252
272	266
272	268
272	292
272	294
272	304
272	327
272	330
272	335
272	339
272	341
272	346
272	363
272	365
272	372
272	374
272	375
272	376
272	379
273	1
273	8
273	30
273	40
273	54
273	55
273	67
273	92
273	105
273	107
273	165
273	188
273	217
273	247
273	256
273	265
273	269
273	274
273	291
273	314
273	321
273	322
273	332
273	350
273	356
273	376
273	393
273	395
273	396
274	95
274	98
274	100
274	105
274	120
274	121
274	152
274	154
274	166
274	173
274	178
274	192
274	208
274	235
274	240
274	249
274	270
274	273
274	295
274	296
274	311
274	324
274	331
274	352
274	355
274	359
274	384
274	386
274	394
275	62
275	91
275	101
275	148
275	174
275	199
275	209
275	215
275	220
275	243
275	252
275	255
275	271
275	282
275	289
275	311
275	314
275	323
275	330
275	339
275	345
275	356
275	358
275	363
275	366
275	378
275	379
275	387
275	394
276	40
276	48
276	71
276	84
276	85
276	94
276	106
276	145
276	149
276	153
276	167
276	168
276	172
276	175
276	193
276	226
276	230
276	245
276	251
276	256
276	266
276	269
276	298
276	305
276	351
276	358
276	381
276	394
276	400
277	23
277	44
277	109
277	112
277	115
277	120
277	130
277	136
277	198
277	208
277	253
277	285
277	309
277	312
277	322
277	331
277	338
277	341
277	344
277	351
277	359
277	363
277	365
277	377
277	380
277	386
277	387
277	389
277	395
278	43
278	81
278	123
278	124
278	143
278	148
278	173
278	191
278	203
278	209
278	211
278	216
278	232
278	234
278	241
278	254
278	263
278	264
278	266
278	285
278	315
278	353
278	363
278	374
278	375
278	383
278	390
278	395
278	400
279	24
279	38
279	59
279	62
279	65
279	98
279	137
279	160
279	165
279	222
279	223
279	242
279	256
279	305
279	306
279	319
279	320
279	322
279	327
279	329
279	331
279	340
279	343
279	345
279	361
279	391
279	393
279	396
279	398
280	48
280	134
280	142
280	146
280	153
280	173
280	196
280	207
280	219
280	232
280	239
280	241
280	245
280	247
280	251
280	263
280	291
280	293
280	295
280	298
280	317
280	320
280	342
280	351
280	362
280	379
280	387
280	391
280	399
281	5
281	28
281	74
281	86
281	121
281	125
281	138
281	140
281	153
281	171
281	177
281	181
281	214
281	232
281	235
281	238
281	239
281	271
281	295
281	299
281	302
281	313
281	326
281	346
281	379
281	380
281	384
281	390
281	395
282	36
282	38
282	41
282	43
282	57
282	92
282	103
282	110
282	134
282	137
282	152
282	169
282	183
282	187
282	204
282	214
282	262
282	275
282	301
282	309
282	320
282	324
282	332
282	334
282	337
282	339
282	342
282	349
282	353
282	365
283	2
283	21
283	136
283	141
283	158
283	177
283	183
283	189
283	196
283	202
283	221
283	295
283	318
283	319
283	321
283	335
283	349
283	351
283	352
283	357
283	360
283	364
283	370
283	371
283	379
283	383
283	386
283	388
283	389
283	396
284	5
284	13
284	23
284	58
284	61
284	62
284	76
284	82
284	98
284	124
284	234
284	244
284	260
284	266
284	296
284	301
284	303
284	307
284	325
284	329
284	335
284	352
284	365
284	369
284	374
284	382
284	385
284	392
284	394
284	399
285	45
285	63
285	68
285	95
285	109
285	145
285	185
285	187
285	202
285	216
285	265
285	277
285	278
285	292
285	296
285	300
285	301
285	313
285	319
285	321
285	323
285	324
285	359
285	364
285	365
285	377
285	378
285	388
285	398
285	399
286	56
286	69
286	91
286	109
286	120
286	155
286	211
286	262
286	268
286	294
286	300
286	309
286	317
286	318
286	320
286	323
286	334
286	341
286	344
286	352
286	363
286	366
286	372
286	377
286	379
286	385
286	396
286	397
286	398
286	400
287	10
287	21
287	37
287	63
287	106
287	115
287	131
287	139
287	147
287	176
287	197
287	210
287	226
287	228
287	249
287	264
287	295
287	298
287	303
287	310
287	318
287	323
287	324
287	331
287	336
287	342
287	354
287	385
287	387
287	398
288	3
288	13
288	20
288	35
288	37
288	115
288	124
288	133
288	155
288	169
288	181
288	191
288	218
288	233
288	243
288	252
288	299
288	300
288	324
288	325
288	326
288	341
288	349
288	351
288	357
288	374
288	375
288	386
288	389
288	396
289	18
289	26
289	31
289	135
289	145
289	149
289	170
289	176
289	197
289	240
289	242
289	255
289	264
289	275
289	298
289	308
289	321
289	323
289	329
289	338
289	340
289	358
289	360
289	363
289	368
289	369
289	375
289	388
289	397
289	399
289	400
290	15
290	71
290	82
290	93
290	126
290	138
290	162
290	193
290	197
290	204
290	211
290	249
290	250
290	292
290	319
290	328
290	338
290	354
290	357
290	360
290	364
290	369
290	370
290	375
290	379
290	382
290	383
290	388
290	395
290	396
290	398
291	15
291	27
291	124
291	136
291	162
291	168
291	180
291	195
291	238
291	273
291	280
291	292
291	298
291	308
291	312
291	320
291	322
291	327
291	333
291	350
291	374
291	382
291	385
291	387
291	388
291	391
291	392
291	395
291	396
291	398
291	400
292	12
292	33
292	42
292	46
292	65
292	112
292	116
292	125
292	161
292	180
292	191
292	202
292	205
292	212
292	220
292	241
292	269
292	270
292	272
292	285
292	290
292	291
292	305
292	331
292	339
292	341
292	356
292	362
292	367
292	389
292	391
293	10
293	42
293	54
293	55
293	68
293	74
293	83
293	92
293	122
293	141
293	164
293	166
293	192
293	194
293	246
293	251
293	265
293	280
293	294
293	296
293	299
293	305
293	332
293	342
293	347
293	353
293	359
293	363
293	368
293	387
293	391
294	7
294	12
294	24
294	25
294	44
294	48
294	52
294	69
294	79
294	93
294	99
294	167
294	177
294	189
294	197
294	225
294	238
294	247
294	272
294	286
294	293
294	306
294	312
294	323
294	335
294	337
294	343
294	354
294	372
294	380
294	382
295	20
295	25
295	34
295	35
295	38
295	49
295	65
295	78
295	152
295	153
295	176
295	189
295	218
295	270
295	274
295	280
295	281
295	283
295	287
295	297
295	301
295	316
295	326
295	332
295	337
295	342
295	354
295	361
295	379
295	390
295	392
296	21
296	42
296	66
296	91
296	93
296	101
296	117
296	127
296	161
296	170
296	190
296	200
296	247
296	252
296	261
296	262
296	269
296	274
296	284
296	285
296	293
296	322
296	323
296	333
296	339
296	345
296	349
296	361
296	375
296	382
296	392
296	399
297	44
297	49
297	90
297	93
297	108
297	141
297	143
297	172
297	201
297	214
297	219
297	225
297	229
297	268
297	270
297	295
297	314
297	326
297	330
297	341
297	349
297	351
297	365
297	366
297	368
297	372
297	383
297	386
297	387
297	389
297	390
297	394
298	48
298	49
298	86
298	98
298	145
298	152
298	180
298	191
298	196
298	202
298	229
298	257
298	265
298	267
298	271
298	276
298	280
298	287
298	289
298	291
298	309
298	313
298	318
298	341
298	342
298	346
298	366
298	367
298	379
298	380
298	390
298	393
299	51
299	76
299	84
299	96
299	104
299	143
299	144
299	157
299	177
299	183
299	210
299	219
299	221
299	243
299	251
299	263
299	281
299	288
299	293
299	305
299	309
299	310
299	317
299	320
299	321
299	328
299	338
299	346
299	364
299	385
299	391
299	400
300	4
300	14
300	31
300	60
300	65
300	88
300	138
300	174
300	179
300	182
300	188
300	190
300	200
300	216
300	240
300	254
300	257
300	285
300	286
300	288
300	308
300	327
300	330
300	342
300	350
300	355
300	365
300	377
300	385
300	386
300	394
300	400
301	33
301	39
301	110
301	126
301	162
301	206
301	213
301	226
301	231
301	233
301	243
301	247
301	266
301	270
301	282
301	284
301	285
301	295
301	314
301	320
301	324
301	332
301	341
301	343
301	350
301	358
301	373
301	376
301	382
301	389
301	390
301	392
302	1
302	11
302	26
302	28
302	76
302	99
302	104
302	111
302	131
302	134
302	146
302	177
302	182
302	192
302	214
302	221
302	223
302	257
302	281
302	311
302	316
302	325
302	328
302	340
302	359
302	367
302	368
302	371
302	376
302	381
302	388
302	399
303	1
303	9
303	56
303	58
303	71
303	82
303	83
303	88
303	102
303	133
303	179
303	218
303	221
303	236
303	237
303	240
303	248
303	284
303	287
303	320
303	322
303	329
303	330
303	337
303	352
303	355
303	368
303	387
303	390
303	393
303	394
303	396
303	397
304	7
304	9
304	12
304	19
304	53
304	66
304	131
304	146
304	164
304	169
304	179
304	183
304	192
304	195
304	196
304	209
304	226
304	227
304	228
304	244
304	251
304	257
304	272
304	326
304	335
304	340
304	341
304	346
304	353
304	365
304	390
304	392
304	394
305	4
305	18
305	46
305	52
305	80
305	82
305	128
305	154
305	156
305	157
305	186
305	195
305	198
305	200
305	205
305	222
305	223
305	243
305	268
305	269
305	276
305	279
305	292
305	293
305	299
305	313
305	319
305	320
305	327
305	341
305	351
305	355
305	383
306	8
306	50
306	84
306	90
306	91
306	146
306	154
306	157
306	158
306	164
306	187
306	219
306	227
306	231
306	258
306	260
306	262
306	270
306	279
306	294
306	311
306	316
306	330
306	334
306	336
306	346
306	364
306	366
306	367
306	369
306	381
306	387
306	395
307	55
307	97
307	98
307	117
307	123
307	134
307	138
307	141
307	142
307	146
307	150
307	170
307	174
307	193
307	218
307	223
307	234
307	246
307	267
307	271
307	284
307	308
307	334
307	344
307	348
307	349
307	356
307	364
307	378
307	386
307	394
307	397
307	400
308	2
308	18
308	37
308	41
308	42
308	48
308	63
308	113
308	132
308	155
308	176
308	215
308	224
308	240
308	289
308	291
308	300
308	307
308	309
308	317
308	324
308	335
308	345
308	346
308	363
308	366
308	372
308	375
308	376
308	378
308	389
308	391
308	392
309	18
309	61
309	79
309	88
309	94
309	101
309	142
309	161
309	164
309	170
309	173
309	199
309	236
309	243
309	247
309	251
309	277
309	282
309	286
309	298
309	299
309	308
309	314
309	327
309	329
309	332
309	347
309	357
309	366
309	375
309	384
309	385
309	396
310	69
310	82
310	96
310	140
310	199
310	200
310	203
310	205
310	207
310	210
310	215
310	222
310	223
310	237
310	257
310	263
310	265
310	287
310	299
310	317
310	323
310	334
310	336
310	341
310	348
310	362
310	371
310	373
310	375
310	385
310	389
310	391
310	395
311	16
311	26
311	68
311	69
311	78
311	84
311	86
311	89
311	108
311	141
311	154
311	168
311	177
311	180
311	207
311	234
311	243
311	253
311	261
311	262
311	274
311	275
311	302
311	306
311	327
311	331
311	346
311	354
311	361
311	367
311	373
311	381
311	396
311	397
312	2
312	4
312	10
312	44
312	75
312	77
312	79
312	98
312	112
312	116
312	134
312	148
312	166
312	178
312	212
312	225
312	238
312	239
312	243
312	248
312	250
312	257
312	277
312	291
312	294
312	315
312	343
312	349
312	351
312	355
312	368
312	369
312	382
312	399
313	3
313	7
313	10
313	11
313	49
313	58
313	80
313	90
313	107
313	126
313	137
313	140
313	145
313	151
313	154
313	165
313	177
313	183
313	185
313	187
313	192
313	225
313	238
313	262
313	281
313	285
313	298
313	305
313	343
313	351
313	360
313	369
313	370
313	389
314	11
314	28
314	53
314	60
314	76
314	110
314	122
314	143
314	149
314	166
314	182
314	185
314	213
314	226
314	235
314	242
314	251
314	259
314	273
314	275
314	297
314	301
314	309
314	327
314	331
314	339
314	348
314	349
314	354
314	368
314	370
314	373
314	378
314	379
315	60
315	98
315	136
315	138
315	168
315	175
315	180
315	190
315	194
315	197
315	203
315	221
315	229
315	243
315	252
315	267
315	278
315	312
315	317
315	325
315	334
315	337
315	338
315	341
315	343
315	346
315	359
315	378
315	384
315	385
315	386
315	387
315	390
315	398
316	36
316	57
316	64
316	76
316	81
316	87
316	104
316	122
316	131
316	154
316	158
316	170
316	178
316	200
316	206
316	216
316	225
316	244
316	260
316	295
316	302
316	306
316	322
316	328
316	331
316	332
316	350
316	364
316	367
316	372
316	377
316	380
316	381
316	383
317	13
317	59
317	63
317	88
317	104
317	132
317	133
317	136
317	138
317	147
317	226
317	227
317	235
317	245
317	246
317	259
317	280
317	286
317	299
317	308
317	310
317	315
317	326
317	328
317	335
317	339
317	345
317	356
317	357
317	363
317	376
317	383
317	396
317	400
318	35
318	36
318	50
318	91
318	103
318	124
318	151
318	168
318	209
318	210
318	215
318	221
318	240
318	245
318	251
318	283
318	286
318	287
318	298
318	320
318	328
318	334
318	350
318	353
318	355
318	359
318	368
318	372
318	376
318	391
318	396
318	398
318	399
318	400
319	47
319	77
319	87
319	116
319	117
319	126
319	147
319	158
319	170
319	179
319	187
319	196
319	206
319	220
319	223
319	229
319	244
319	249
319	257
319	259
319	260
319	270
319	279
319	283
319	285
319	290
319	305
319	337
319	346
319	347
319	356
319	369
319	374
319	376
319	399
320	18
320	58
320	140
320	167
320	171
320	173
320	178
320	182
320	226
320	234
320	243
320	254
320	279
320	280
320	282
320	286
320	291
320	299
320	301
320	303
320	305
320	318
320	327
320	349
320	350
320	352
320	361
320	377
320	379
320	386
320	390
320	391
320	398
320	399
320	400
321	16
321	23
321	39
321	43
321	47
321	64
321	83
321	96
321	111
321	119
321	175
321	182
321	185
321	203
321	204
321	206
321	214
321	223
321	229
321	230
321	251
321	273
321	283
321	285
321	289
321	299
321	324
321	329
321	337
321	357
321	375
321	376
321	379
321	393
321	400
322	11
322	106
322	122
322	128
322	133
322	146
322	147
322	151
322	161
322	162
322	168
322	183
322	185
322	196
322	233
322	250
322	255
322	273
322	277
322	279
322	291
322	296
322	303
322	316
322	340
322	344
322	348
322	350
322	351
322	364
322	365
322	370
322	371
322	374
322	394
323	31
323	45
323	70
323	87
323	106
323	115
323	125
323	139
323	140
323	162
323	187
323	196
323	207
323	213
323	217
323	235
323	238
323	256
323	263
323	275
323	285
323	286
323	287
323	289
323	294
323	296
323	310
323	330
323	333
323	340
323	341
323	345
323	350
323	353
323	381
323	387
324	5
324	16
324	24
324	33
324	85
324	87
324	97
324	120
324	136
324	138
324	161
324	169
324	174
324	195
324	214
324	235
324	274
324	282
324	285
324	287
324	288
324	301
324	308
324	321
324	325
324	329
324	342
324	343
324	353
324	356
324	359
324	365
324	370
324	388
324	392
324	397
325	4
325	8
325	61
325	73
325	79
325	124
325	146
325	149
325	158
325	169
325	178
325	180
325	184
325	202
325	219
325	230
325	232
325	237
325	248
325	260
325	264
325	269
325	284
325	288
325	302
325	315
325	324
325	326
325	331
325	356
325	369
325	374
325	379
325	392
325	394
325	400
326	9
326	20
326	27
326	41
326	50
326	88
326	96
326	133
326	149
326	150
326	158
326	181
326	184
326	198
326	220
326	230
326	241
326	245
326	251
326	257
326	281
326	288
326	295
326	297
326	304
326	317
326	325
326	336
326	346
326	357
326	359
326	362
326	363
326	369
326	374
326	391
327	4
327	26
327	74
327	110
327	131
327	136
327	154
327	155
327	179
327	181
327	203
327	268
327	272
327	279
327	291
327	300
327	305
327	309
327	311
327	314
327	320
327	328
327	334
327	338
327	340
327	350
327	352
327	355
327	356
327	361
327	362
327	363
327	389
327	396
327	398
327	400
328	8
328	26
328	35
328	60
328	69
328	84
328	102
328	119
328	137
328	156
328	167
328	169
328	171
328	191
328	212
328	227
328	259
328	262
328	269
328	290
328	299
328	302
328	316
328	317
328	318
328	327
328	337
328	338
328	339
328	345
328	346
328	367
328	374
328	388
328	389
328	397
329	1
329	47
329	51
329	53
329	102
329	135
329	136
329	157
329	195
329	204
329	211
329	212
329	229
329	231
329	237
329	238
329	254
329	255
329	260
329	264
329	279
329	284
329	289
329	303
329	309
329	321
329	324
329	335
329	357
329	359
329	378
329	379
329	391
329	398
329	399
329	400
330	37
330	45
330	64
330	65
330	87
330	93
330	103
330	113
330	129
330	134
330	142
330	163
330	170
330	178
330	187
330	189
330	210
330	214
330	228
330	235
330	242
330	272
330	275
330	297
330	300
330	303
330	306
330	323
330	347
330	357
330	359
330	366
330	367
330	392
330	393
330	400
331	71
331	78
331	95
331	118
331	150
331	169
331	174
331	189
331	221
331	227
331	244
331	255
331	262
331	263
331	274
331	277
331	279
331	287
331	292
331	311
331	314
331	316
331	325
331	332
331	333
331	335
331	339
331	340
331	344
331	348
331	354
331	359
331	361
331	370
331	386
331	394
332	16
332	25
332	46
332	57
332	76
332	95
332	121
332	122
332	143
332	164
332	165
332	173
332	216
332	241
332	246
332	252
332	273
332	282
332	293
332	295
332	301
332	309
332	316
332	331
332	333
332	335
332	340
332	341
332	345
332	352
332	354
332	355
332	371
332	372
332	377
332	380
332	385
333	16
333	23
333	32
333	53
333	77
333	97
333	103
333	104
333	125
333	126
333	132
333	159
333	168
333	171
333	186
333	187
333	189
333	193
333	205
333	236
333	242
333	258
333	291
333	296
333	323
333	331
333	332
333	340
333	343
333	348
333	351
333	353
333	354
333	364
333	371
333	373
333	383
334	27
334	32
334	68
334	97
334	104
334	145
334	152
334	153
334	155
334	160
334	171
334	184
334	193
334	214
334	221
334	234
334	236
334	239
334	245
334	267
334	270
334	282
334	286
334	306
334	307
334	310
334	315
334	318
334	327
334	346
334	350
334	354
334	361
334	375
334	392
334	398
334	400
335	38
335	49
335	52
335	98
335	109
335	121
335	125
335	163
335	165
335	209
335	226
335	232
335	242
335	246
335	254
335	257
335	259
335	272
335	283
335	284
335	294
335	304
335	308
335	317
335	329
335	331
335	332
335	342
335	345
335	353
335	363
335	372
335	373
335	376
335	383
335	394
335	400
336	18
336	46
336	53
336	75
336	82
336	84
336	100
336	111
336	112
336	128
336	130
336	132
336	144
336	172
336	186
336	193
336	200
336	216
336	233
336	248
336	263
336	287
336	306
336	310
336	326
336	341
336	345
336	354
336	360
336	361
336	367
336	371
336	373
336	376
336	384
336	390
336	395
336	396
337	23
337	76
337	95
337	127
337	169
337	171
337	175
337	197
337	202
337	214
337	216
337	240
337	249
337	254
337	260
337	282
337	294
337	295
337	303
337	315
337	319
337	321
337	328
337	342
337	343
337	358
337	359
337	361
337	362
337	365
337	367
337	372
337	379
337	389
337	393
337	396
337	398
337	399
338	16
338	92
338	100
338	116
338	130
338	141
338	144
338	147
338	157
338	176
338	194
338	196
338	228
338	229
338	230
338	233
338	253
338	255
338	277
338	289
338	290
338	299
338	315
338	327
338	328
338	339
338	340
338	360
338	364
338	367
338	368
338	370
338	371
338	373
338	376
338	383
338	392
338	398
339	2
339	43
339	47
339	53
339	59
339	85
339	108
339	112
339	129
339	181
339	184
339	189
339	208
339	212
339	225
339	236
339	240
339	244
339	260
339	262
339	270
339	272
339	275
339	282
339	292
339	296
339	314
339	317
339	328
339	331
339	338
339	340
339	356
339	383
339	385
339	391
339	392
339	394
340	10
340	35
340	70
340	78
340	92
340	105
340	134
340	143
340	159
340	181
340	184
340	192
340	193
340	196
340	221
340	228
340	279
340	289
340	302
340	304
340	322
340	323
340	327
340	331
340	332
340	333
340	338
340	339
340	344
340	349
340	360
340	368
340	374
340	381
340	385
340	392
340	395
340	396
341	31
341	36
341	42
341	49
341	63
341	65
341	104
341	111
341	112
341	120
341	132
341	146
341	166
341	196
341	209
341	212
341	220
341	241
341	272
341	277
341	286
341	288
341	292
341	297
341	298
341	301
341	304
341	305
341	310
341	315
341	323
341	332
341	336
341	349
341	350
341	363
341	364
341	373
341	374
342	9
342	26
342	28
342	33
342	51
342	54
342	64
342	71
342	91
342	129
342	138
342	192
342	201
342	205
342	208
342	209
342	217
342	220
342	239
342	242
342	251
342	264
342	280
342	282
342	287
342	293
342	295
342	298
342	300
342	324
342	335
342	337
342	353
342	354
342	356
342	358
342	365
342	380
342	382
343	2
343	39
343	44
343	49
343	59
343	60
343	75
343	99
343	102
343	116
343	131
343	132
343	134
343	145
343	162
343	167
343	188
343	189
343	190
343	238
343	249
343	250
343	253
343	254
343	256
343	279
343	294
343	301
343	312
343	313
343	315
343	324
343	333
343	337
343	351
343	360
343	370
343	382
343	394
344	28
344	38
344	42
344	65
344	90
344	116
344	149
344	151
344	158
344	159
344	187
344	200
344	214
344	226
344	233
344	253
344	257
344	267
344	270
344	277
344	286
344	307
344	322
344	331
344	340
344	348
344	351
344	361
344	371
344	372
344	375
344	377
344	378
344	379
344	391
344	392
344	393
344	394
344	400
345	14
345	28
345	46
345	51
345	52
345	66
345	69
345	84
345	90
345	119
345	121
345	127
345	187
345	221
345	224
345	233
345	246
345	257
345	259
345	275
345	279
345	296
345	308
345	317
345	323
345	328
345	332
345	335
345	336
345	353
345	355
345	359
345	363
345	369
345	372
345	376
345	384
345	398
345	400
346	3
346	11
346	19
346	38
346	43
346	81
346	110
346	138
346	141
346	154
346	158
346	192
346	215
346	217
346	227
346	228
346	264
346	272
346	281
346	298
346	299
346	304
346	306
346	308
346	311
346	315
346	319
346	326
346	328
346	334
346	358
346	367
346	371
346	376
346	381
346	386
346	387
346	391
346	397
347	6
347	9
347	18
347	27
347	35
347	45
347	47
347	86
347	101
347	105
347	164
347	167
347	168
347	175
347	180
347	182
347	184
347	186
347	199
347	213
347	220
347	250
347	255
347	256
347	257
347	293
347	309
347	319
347	330
347	351
347	354
347	356
347	364
347	365
347	366
347	368
347	384
347	385
347	399
348	5
348	6
348	8
348	19
348	47
348	48
348	55
348	87
348	90
348	93
348	122
348	144
348	148
348	168
348	173
348	178
348	187
348	190
348	198
348	202
348	218
348	259
348	268
348	307
348	310
348	314
348	322
348	331
348	333
348	344
348	355
348	366
348	371
348	380
348	382
348	392
348	393
348	394
348	400
349	2
349	12
349	50
349	56
349	62
349	83
349	126
349	131
349	161
349	165
349	166
349	182
349	189
349	193
349	197
349	201
349	212
349	213
349	224
349	231
349	246
349	282
349	283
349	288
349	296
349	297
349	307
349	312
349	314
349	320
349	340
349	341
349	359
349	365
349	375
349	385
349	390
349	392
349	393
350	9
350	30
350	64
350	83
350	126
350	128
350	136
350	148
350	160
350	161
350	176
350	187
350	199
350	202
350	203
350	238
350	242
350	245
350	271
350	273
350	291
350	300
350	301
350	316
350	318
350	320
350	322
350	323
350	327
350	334
350	341
350	352
350	361
350	363
350	368
350	374
350	391
350	394
350	396
350	399
351	1
351	3
351	64
351	65
351	86
351	110
351	124
351	126
351	139
351	144
351	153
351	172
351	213
351	215
351	217
351	222
351	238
351	256
351	258
351	261
351	266
351	269
351	276
351	277
351	280
351	283
351	288
351	297
351	305
351	312
351	313
351	322
351	333
351	343
351	344
351	347
351	362
351	370
351	378
351	382
352	21
352	44
352	47
352	56
352	59
352	65
352	79
352	82
352	92
352	98
352	109
352	124
352	125
352	129
352	160
352	174
352	176
352	194
352	198
352	222
352	242
352	243
352	274
352	283
352	284
352	286
352	303
352	320
352	327
352	332
352	350
352	361
352	365
352	371
352	378
352	388
352	394
352	396
352	398
352	400
353	3
353	9
353	32
353	41
353	51
353	68
353	105
353	110
353	131
353	142
353	152
353	153
353	161
353	163
353	164
353	182
353	203
353	219
353	222
353	223
353	278
353	282
353	293
353	304
353	318
353	323
353	324
353	333
353	335
353	342
353	345
353	357
353	366
353	368
353	375
353	383
353	385
353	386
353	390
353	393
354	1
354	13
354	15
354	24
354	33
354	38
354	43
354	56
354	58
354	87
354	102
354	134
354	137
354	146
354	148
354	164
354	168
354	171
354	179
354	214
354	219
354	226
354	235
354	248
354	270
354	287
354	290
354	294
354	295
354	311
354	314
354	331
354	332
354	333
354	334
354	336
354	342
354	347
354	358
354	378
354	390
355	2
355	7
355	19
355	31
355	72
355	118
355	120
355	137
355	149
355	151
355	161
355	169
355	172
355	194
355	195
355	202
355	218
355	219
355	244
355	249
355	253
355	259
355	274
355	300
355	303
355	305
355	312
355	318
355	327
355	332
355	345
355	348
355	359
355	363
355	365
355	367
355	377
355	382
355	386
355	387
355	393
356	3
356	29
356	54
356	57
356	62
356	67
356	92
356	98
356	114
356	151
356	155
356	156
356	167
356	192
356	201
356	230
356	234
356	247
356	257
356	261
356	265
356	271
356	273
356	275
356	292
356	307
356	317
356	319
356	324
356	325
356	327
356	339
356	342
356	347
356	357
356	361
356	369
356	376
356	393
356	395
356	399
357	22
357	24
357	25
357	50
357	70
357	73
357	80
357	88
357	121
357	126
357	135
357	137
357	155
357	170
357	184
357	203
357	206
357	216
357	218
357	224
357	234
357	254
357	260
357	270
357	283
357	288
357	290
357	309
357	317
357	321
357	326
357	329
357	330
357	353
357	356
357	365
357	367
357	369
357	373
357	377
357	388
358	8
358	17
358	22
358	23
358	75
358	122
358	146
358	150
358	176
358	182
358	190
358	192
358	199
358	204
358	206
358	211
358	212
358	216
358	233
358	239
358	248
358	249
358	257
358	262
358	268
358	275
358	276
358	289
358	301
358	337
358	342
358	346
358	354
358	366
358	369
358	371
358	375
358	386
358	388
358	390
358	392
359	8
359	10
359	23
359	38
359	69
359	78
359	114
359	123
359	150
359	166
359	181
359	183
359	190
359	207
359	235
359	243
359	244
359	260
359	274
359	277
359	285
359	293
359	302
359	315
359	318
359	324
359	326
359	329
359	330
359	331
359	337
359	345
359	349
359	355
359	360
359	363
359	367
359	369
359	377
359	378
359	391
360	14
360	29
360	37
360	39
360	42
360	43
360	65
360	95
360	96
360	100
360	104
360	108
360	136
360	147
360	157
360	159
360	180
360	197
360	198
360	201
360	208
360	265
360	267
360	269
360	283
360	289
360	290
360	313
360	336
360	338
360	340
360	343
360	359
360	361
360	364
360	366
360	367
360	370
360	371
360	374
360	389
360	396
361	12
361	17
361	24
361	34
361	43
361	48
361	66
361	72
361	113
361	128
361	155
361	172
361	174
361	182
361	187
361	207
361	220
361	237
361	239
361	242
361	249
361	256
361	265
361	271
361	279
361	295
361	296
361	311
361	320
361	327
361	331
361	334
361	336
361	337
361	344
361	350
361	352
361	356
361	360
361	389
361	391
361	398
362	20
362	21
362	42
362	67
362	77
362	80
362	88
362	96
362	103
362	112
362	140
362	142
362	176
362	202
362	210
362	221
362	226
362	227
362	230
362	238
362	240
362	250
362	251
362	259
362	263
362	266
362	280
362	292
362	310
362	326
362	327
362	337
362	351
362	364
362	366
362	369
362	373
362	380
362	385
362	389
362	390
362	393
363	3
363	22
363	51
363	57
363	75
363	77
363	89
363	132
363	145
363	149
363	157
363	198
363	206
363	213
363	240
363	259
363	266
363	272
363	275
363	277
363	278
363	286
363	289
363	293
363	308
363	317
363	326
363	327
363	335
363	341
363	345
363	350
363	355
363	359
363	364
363	367
363	376
363	378
363	385
363	388
363	397
363	399
364	21
364	44
364	46
364	47
364	61
364	66
364	81
364	97
364	100
364	111
364	117
364	133
364	139
364	144
364	154
364	162
364	197
364	219
364	223
364	264
364	267
364	283
364	285
364	290
364	299
364	306
364	307
364	316
364	322
364	333
364	338
364	341
364	347
364	360
364	362
364	363
364	369
364	381
364	384
364	391
364	393
364	394
365	6
365	14
365	20
365	39
365	41
365	55
365	60
365	73
365	89
365	99
365	118
365	120
365	141
365	142
365	151
365	171
365	185
365	188
365	190
365	195
365	204
365	253
365	263
365	265
365	267
365	272
365	277
365	282
365	284
365	285
365	297
365	300
365	304
365	322
365	324
365	337
365	342
365	347
365	349
365	352
365	355
365	357
366	21
366	44
366	56
366	59
366	62
366	94
366	143
366	173
366	177
366	182
366	186
366	192
366	198
366	199
366	226
366	235
366	236
366	244
366	250
366	255
366	275
366	286
366	297
366	298
366	306
366	308
366	309
366	330
366	347
366	348
366	353
366	358
366	360
366	362
366	371
366	372
366	373
366	381
366	384
366	385
366	393
366	397
367	8
367	14
367	47
367	60
367	69
367	81
367	95
367	115
367	119
367	121
367	130
367	133
367	143
367	165
367	195
367	206
367	210
367	225
367	245
367	265
367	268
367	292
367	298
367	302
367	306
367	311
367	316
367	328
367	330
367	336
367	337
367	338
367	346
367	355
367	357
367	359
367	360
367	363
367	373
367	381
367	383
367	397
367	399
368	13
368	20
368	34
368	35
368	36
368	50
368	52
368	71
368	108
368	113
368	118
368	139
368	142
368	144
368	152
368	181
368	193
368	211
368	218
368	222
368	234
368	248
368	249
368	253
368	263
368	289
368	293
368	297
368	302
368	303
368	312
368	314
368	318
368	338
368	340
368	347
368	350
368	353
368	370
368	374
368	378
368	383
368	384
368	390
369	1
369	22
369	78
369	104
369	115
369	125
369	126
369	127
369	135
369	177
369	188
369	189
369	196
369	206
369	207
369	218
369	219
369	239
369	249
369	254
369	255
369	260
369	284
369	289
369	290
369	306
369	312
369	313
369	319
369	325
369	326
369	345
369	356
369	357
369	358
369	359
369	362
369	364
369	378
369	381
369	382
369	384
369	388
369	399
370	8
370	30
370	53
370	63
370	64
370	70
370	80
370	82
370	84
370	86
370	90
370	96
370	107
370	109
370	155
370	158
370	168
370	180
370	185
370	195
370	204
370	205
370	227
370	231
370	243
370	248
370	254
370	283
370	290
370	313
370	314
370	322
370	324
370	331
370	338
370	343
370	351
370	360
370	368
370	376
370	377
370	379
370	386
370	395
371	16
371	58
371	65
371	88
371	95
371	101
371	111
371	131
371	134
371	166
371	176
371	202
371	207
371	215
371	220
371	229
371	238
371	248
371	250
371	262
371	265
371	270
371	283
371	302
371	310
371	322
371	332
371	333
371	336
371	338
371	344
371	346
371	348
371	352
371	358
371	360
371	366
371	373
371	379
371	388
371	389
371	392
371	395
371	397
372	5
372	22
372	31
372	33
372	36
372	51
372	82
372	93
372	98
372	101
372	123
372	141
372	142
372	166
372	198
372	206
372	213
372	215
372	224
372	226
372	233
372	240
372	244
372	246
372	251
372	253
372	254
372	259
372	262
372	272
372	286
372	294
372	297
372	308
372	316
372	318
372	332
372	335
372	337
372	344
372	345
372	366
372	376
372	377
373	12
373	18
373	37
373	66
373	69
373	106
373	107
373	111
373	116
373	117
373	128
373	133
373	159
373	160
373	163
373	169
373	183
373	189
373	202
373	208
373	215
373	233
373	235
373	254
373	269
373	301
373	310
373	311
373	314
373	333
373	335
373	336
373	338
373	341
373	357
373	362
373	366
373	367
373	371
373	376
373	382
373	383
373	388
373	395
374	13
374	16
374	32
374	60
374	67
374	82
374	84
374	88
374	89
374	127
374	133
374	149
374	162
374	177
374	180
374	185
374	222
374	229
374	235
374	241
374	260
374	262
374	268
374	271
374	272
374	278
374	284
374	288
374	291
374	319
374	322
374	325
374	326
374	328
374	340
374	341
374	350
374	360
374	368
374	380
374	383
374	391
374	392
374	399
375	29
375	51
375	68
375	86
375	97
375	99
375	118
375	135
375	138
375	139
375	147
375	162
375	168
375	183
375	191
375	197
375	203
375	204
375	212
375	216
375	228
375	229
375	254
375	261
375	272
375	278
375	288
375	289
375	290
375	296
375	308
375	309
375	310
375	321
375	334
375	344
375	349
375	353
375	358
375	388
375	389
375	393
375	395
375	399
376	39
376	63
376	90
376	112
376	114
376	117
376	124
376	127
376	132
376	152
376	153
376	165
376	172
376	185
376	202
376	205
376	208
376	217
376	219
376	223
376	231
376	240
376	252
376	266
376	268
376	272
376	273
376	301
376	302
376	308
376	317
376	318
376	319
376	321
376	335
376	336
376	338
376	345
376	346
376	356
376	363
376	370
376	372
376	373
376	384
377	6
377	14
377	22
377	37
377	41
377	52
377	74
377	97
377	98
377	104
377	109
377	120
377	125
377	132
377	136
377	162
377	174
377	177
377	179
377	183
377	211
377	215
377	216
377	217
377	258
377	266
377	267
377	277
377	285
377	286
377	300
377	316
377	320
377	332
377	344
377	355
377	357
377	359
377	370
377	372
377	378
377	385
377	386
377	398
377	400
378	15
378	44
378	46
378	98
378	107
378	136
378	142
378	155
378	156
378	157
378	162
378	169
378	171
378	173
378	175
378	188
378	189
378	195
378	198
378	203
378	204
378	222
378	230
378	238
378	267
378	275
378	285
378	307
378	308
378	314
378	315
378	329
378	344
378	351
378	352
378	354
378	359
378	363
378	368
378	369
378	377
378	380
378	386
378	393
378	396
379	10
379	25
379	39
379	40
379	48
379	49
379	72
379	73
379	86
379	97
379	103
379	113
379	131
379	133
379	138
379	152
379	197
379	209
379	212
379	217
379	221
379	234
379	241
379	257
379	272
379	275
379	280
379	281
379	283
379	286
379	290
379	295
379	298
379	314
379	320
379	321
379	325
379	329
379	337
379	344
379	370
379	371
379	380
379	383
379	396
380	30
380	32
380	39
380	47
380	49
380	53
380	74
380	78
380	86
380	90
380	97
380	103
380	114
380	132
380	151
380	154
380	156
380	171
380	179
380	181
380	182
380	233
380	251
380	253
380	255
380	261
380	266
380	277
380	281
380	294
380	298
380	316
380	332
380	342
380	348
380	362
380	374
380	378
380	379
380	388
380	390
380	391
380	393
380	394
380	399
381	11
381	17
381	25
381	26
381	34
381	45
381	52
381	59
381	69
381	72
381	101
381	118
381	147
381	174
381	177
381	187
381	193
381	201
381	205
381	225
381	227
381	234
381	236
381	237
381	246
381	247
381	261
381	262
381	263
381	276
381	302
381	306
381	311
381	316
381	323
381	340
381	346
381	364
381	366
381	367
381	369
381	386
381	393
381	395
381	396
382	2
382	7
382	9
382	25
382	30
382	38
382	44
382	47
382	60
382	61
382	69
382	75
382	77
382	85
382	94
382	99
382	105
382	132
382	134
382	143
382	147
382	165
382	167
382	181
382	205
382	208
382	224
382	238
382	240
382	256
382	284
382	290
382	291
382	294
382	296
382	301
382	312
382	342
382	343
382	348
382	351
382	355
382	369
382	373
382	389
383	1
383	20
383	39
383	67
383	74
383	82
383	99
383	106
383	113
383	128
383	150
383	156
383	206
383	208
383	211
383	215
383	218
383	220
383	224
383	225
383	232
383	241
383	260
383	262
383	264
383	266
383	278
383	283
383	290
383	297
383	305
383	316
383	317
383	333
383	335
383	338
383	339
383	353
383	367
383	368
383	373
383	374
383	379
383	384
383	392
383	394
384	18
384	24
384	34
384	35
384	37
384	43
384	55
384	56
384	62
384	71
384	87
384	105
384	120
384	125
384	129
384	132
384	147
384	148
384	179
384	182
384	184
384	195
384	213
384	214
384	243
384	249
384	252
384	255
384	271
384	274
384	281
384	309
384	315
384	336
384	345
384	347
384	364
384	366
384	368
384	369
384	376
384	383
384	387
384	388
384	395
384	397
385	35
385	39
385	43
385	58
385	117
385	139
385	153
385	178
385	193
385	201
385	202
385	212
385	225
385	227
385	233
385	241
385	246
385	247
385	249
385	260
385	261
385	267
385	270
385	284
385	286
385	287
385	291
385	299
385	300
385	309
385	310
385	315
385	332
385	339
385	340
385	347
385	349
385	353
385	362
385	363
385	366
385	377
385	387
385	394
385	397
385	399
386	13
386	24
386	33
386	67
386	72
386	74
386	86
386	95
386	97
386	106
386	108
386	130
386	155
386	157
386	179
386	186
386	194
386	195
386	199
386	200
386	203
386	214
386	235
386	237
386	250
386	259
386	267
386	274
386	277
386	283
386	288
386	297
386	300
386	307
386	315
386	320
386	331
386	346
386	353
386	355
386	358
386	370
386	377
386	378
386	381
386	394
386	395
387	10
387	13
387	26
387	76
387	85
387	86
387	103
387	106
387	114
387	115
387	128
387	129
387	130
387	137
387	139
387	147
387	164
387	191
387	192
387	197
387	201
387	205
387	207
387	210
387	228
387	232
387	235
387	242
387	244
387	262
387	275
387	277
387	280
387	287
387	291
387	293
387	297
387	303
387	306
387	315
387	323
387	346
387	355
387	384
387	385
387	391
387	397
388	13
388	22
388	29
388	52
388	67
388	72
388	79
388	96
388	118
388	124
388	130
388	158
388	165
388	170
388	175
388	192
388	211
388	216
388	223
388	228
388	249
388	254
388	261
388	266
388	271
388	283
388	285
388	289
388	290
388	291
388	302
388	324
388	328
388	352
388	357
388	358
388	363
388	369
388	371
388	373
388	375
388	380
388	384
388	390
388	391
388	398
388	399
389	19
389	22
389	28
389	65
389	69
389	83
389	96
389	111
389	112
389	117
389	148
389	157
389	183
389	196
389	199
389	201
389	211
389	215
389	224
389	228
389	231
389	238
389	253
389	257
389	267
389	269
389	277
389	283
389	288
389	292
389	297
389	301
389	308
389	310
389	313
389	327
389	328
389	337
389	360
389	361
389	362
389	371
389	375
389	382
389	390
389	398
389	399
390	10
390	27
390	28
390	48
390	49
390	67
390	73
390	134
390	136
390	144
390	153
390	168
390	171
390	172
390	173
390	179
390	186
390	206
390	217
390	219
390	221
390	241
390	251
390	254
390	263
390	278
390	281
390	295
390	297
390	298
390	301
390	303
390	304
390	315
390	320
390	336
390	349
390	353
390	354
390	358
390	362
390	368
390	380
390	388
390	389
390	393
390	397
391	6
391	15
391	43
391	47
391	72
391	82
391	89
391	110
391	116
391	125
391	143
391	204
391	205
391	219
391	224
391	242
391	245
391	246
391	248
391	249
391	253
391	262
391	271
391	279
391	280
391	291
391	292
391	293
391	299
391	308
391	310
391	318
391	320
391	326
391	329
391	339
391	344
391	346
391	350
391	359
391	361
391	364
391	374
391	380
391	387
391	388
391	396
391	398
392	9
392	16
392	28
392	46
392	60
392	68
392	73
392	75
392	79
392	93
392	95
392	110
392	111
392	113
392	135
392	140
392	161
392	162
392	168
392	193
392	224
392	240
392	250
392	261
392	284
392	291
392	295
392	296
392	301
392	304
392	308
392	324
392	325
392	330
392	334
392	338
392	339
392	340
392	344
392	348
392	349
392	358
392	371
392	374
392	383
392	394
392	395
392	398
393	3
393	4
393	31
393	36
393	46
393	54
393	57
393	59
393	67
393	92
393	95
393	119
393	139
393	151
393	155
393	165
393	186
393	194
393	201
393	218
393	239
393	247
393	258
393	265
393	269
393	270
393	273
393	279
393	298
393	303
393	321
393	330
393	337
393	344
393	348
393	349
393	353
393	355
393	356
393	362
393	364
393	366
393	375
393	378
393	380
393	381
393	390
393	395
394	36
394	38
394	42
394	58
394	92
394	99
394	109
394	111
394	116
394	158
394	159
394	161
394	166
394	182
394	207
394	209
394	223
394	234
394	241
394	247
394	252
394	256
394	261
394	274
394	275
394	276
394	284
394	297
394	300
394	303
394	304
394	307
394	322
394	325
394	331
394	335
394	339
394	343
394	344
394	348
394	350
394	352
394	364
394	380
394	383
394	385
394	386
394	392
394	396
395	3
395	15
395	25
395	29
395	40
395	54
395	57
395	59
395	67
395	86
395	92
395	97
395	117
395	126
395	151
395	165
395	172
395	179
395	187
395	188
395	193
395	195
395	218
395	232
395	247
395	249
395	252
395	256
395	265
395	273
395	277
395	278
395	281
395	290
395	291
395	306
395	310
395	336
395	340
395	356
395	370
395	371
395	373
395	375
395	381
395	384
395	386
395	392
395	393
396	27
396	35
396	42
396	47
396	51
396	54
396	62
396	78
396	83
396	89
396	106
396	125
396	129
396	131
396	160
396	167
396	171
396	183
396	184
396	187
396	190
396	221
396	234
396	245
396	273
396	279
396	283
396	286
396	288
396	290
396	291
396	303
396	309
396	311
396	317
396	318
396	327
396	336
396	337
396	340
396	350
396	352
396	360
396	378
396	379
396	381
396	391
396	394
396	400
397	7
397	8
397	11
397	14
397	16
397	69
397	76
397	81
397	95
397	110
397	119
397	121
397	124
397	136
397	144
397	149
397	155
397	157
397	158
397	172
397	176
397	201
397	213
397	225
397	227
397	229
397	237
397	239
397	244
397	248
397	256
397	262
397	286
397	289
397	303
397	307
397	311
397	324
397	328
397	346
397	363
397	366
397	367
397	371
397	384
397	385
397	387
397	390
397	398
398	15
398	30
398	45
398	55
398	78
398	86
398	90
398	105
398	123
398	137
398	149
398	155
398	188
398	191
398	194
398	200
398	203
398	217
398	223
398	224
398	231
398	240
398	242
398	243
398	265
398	279
398	285
398	286
398	287
398	290
398	291
398	315
398	318
398	320
398	327
398	329
398	334
398	337
398	338
398	345
398	352
398	361
398	377
398	388
398	389
398	391
398	392
398	397
398	400
399	45
399	46
399	65
399	101
399	102
399	144
399	147
399	159
399	160
399	164
399	167
399	170
399	175
399	180
399	190
399	197
399	202
399	208
399	209
399	211
399	222
399	229
399	241
399	260
399	265
399	280
399	284
399	285
399	289
399	296
399	302
399	312
399	318
399	319
399	320
399	329
399	337
399	347
399	350
399	356
399	363
399	367
399	369
399	374
399	375
399	380
399	385
399	388
399	389
400	6
400	24
400	50
400	63
400	72
400	83
400	88
400	91
400	100
400	120
400	125
400	134
400	138
400	155
400	172
400	174
400	175
400	207
400	217
400	223
400	229
400	245
400	251
400	253
400	261
400	276
400	278
400	286
400	289
400	291
400	299
400	300
400	307
400	317
400	318
400	320
400	321
400	325
400	327
400	329
400	330
400	334
400	335
400	344
400	345
400	348
400	352
400	377
400	396
400	398
